2
114
5
63
30
6
80
4
88
5
52
3
39
8
5
98
4
24
4
36
4
5
50
4
53
5
31
5
42
1
10
6
4
7
11
16
10
10
9
12
13
9
13
14
7
6
21
9
9
10
13
15
9
8
11
5
6
7
16
14
13
15
15
7
5
10
12
23
6
8
8
16
19
4
12
16
11
12
12
14
6
12
15
11
8
15
6
11
12
9
7
9
11
12
6
17
5
11
15
8
10
22
24
9
14
8
5
6
18
7
9
10
11
3
2
12
22
2
21
16
9
4
7
5
6
11
8
8
7
7
11
11
22
11
10
9
10
9
12
12
19
16
12
13
14
6
11
14
11
11
2
7
2
8
27
14
13
21
16
8
12
11
12
14
15
21
24
11
13
4
10
8
9
9
9
6
8
31
4
4
4
6
5
6
4
4
12
6
7
9
6
4
5
7
5
6
6
9
4
11
5
10
8
6
11
6
8
5
12
10
12
16
14
11
4
7
13
16
7
12
10
9
7
12
8
13
15
16
8
10
13
21
30
11
15
13
19
6
9
7
6
1
8
2
19
25
6
50
12
27
12
10
7
7
6
40
14
10
2
7
7
7
10
15
11
21
6
11
43
9
8
6
7
6
25
38
10
47
10
25
7
35
18
20
6
7
16
32
6
9
8
6
29
18
10
5
9
33
52
9
7
12
28
13
10
3
11
3
9
3
11
8
2
6
3
8
3
11
8
8
9
16
3
11
19
8
2
8
5
3
3
7
23
4
39
37
11
7
58
102
111
6
51
5
125
1
32
7
37
34
4
8
8
9
8
32
5
8
4
17
46
85
4
10
10
48
15
1
9
6
8
6
25
9
30
58
19
4
54
5
48
4
74
3
36
9
129
107
11
48
5
56
8
49
6
77
3
150
4
15
4
26
3
52
5
81
4
29
4
23
4
38
3
49
4
15
3
25
6
22
3
6
8
3
8
4
29
7
8
41
33
13
7
50
21
16
22
8
17
7
35
7
42
9
8
7
42
1
